2607	
5167	
7727	
10287	
12847	
15407	
17968	
20528	
23088	
25648	
28208	
30768	
33328	
35888	
38448	
41008	
43568	
46128	
48689	
51249	
53809	
56369	
58929	
61489	
64049	
66609	
69169	
71729	
74289	
76849	
79410	
81970	
84530	
87090	
89650	
92210	
94770	
97330	
99890	
102450	
108106	
110667	
113227	
115787	
118347	
120907	
123467	
126027	
128587	
131147	
133707	
136267	
138827	
141388	
143948	
146508	
149068	
151628	
154188	
156748	
159308	
161868	
164428	
166988	
169548	
172109	
174669	
177229	
179789	
182349	
184909	
187469	
190029	
192589	
195149	
197709	
200269	
202830	
205390	
207950	
213416	
215976	
218536	
221096	
223656	
226216	
228776	
231336	
233896	
236457	
239017	
241577	
244137	
246697	
249257	
251817	
254377	
256937	
259497	
262057	
264617	
267178	
269738	
272298	
274858	
277418	
279978	
282538	
285098	
287658	
290218	
292778	
295339	
297899	
300459	
303019	
305579	
308139	
310699	
313259	
319013	
321573	
324133	
326693	
329254	
331814	
334374	
336934	
339494	
342054	
344614	
347174	
349734	
352294	
354854	
357415	
359975	
362535	
365095	
367655	
370215	
372775	
375335	
377895	
380455	
383015	
385575	
388136	
390696	
393256	
395816	
398376	
400936	
403496	
406056	
408616	
411176	
413736	
416296	
418857	
424657	
427217	
429777	
432338	
434898	
437458	
440018	
442578	
445138	
447698	
450258	
452818	
455378	
457938	
460498	
463059	
465619	
468179	
470739	
473299	
475859	
478419	
480979	
483539	
486099	
488659	
491220	
493780	
496340	
498900	
501460	
504020	
506580	
509140	
511700	
514260	
516820	
519380	
521941	
524501	
530195	
532755	
535315	
537875	
540436	
542996	
545556	
548116	
550676	
553236	
555796	
558356	
560916	
563476	
566036	
568596	
571157	
573717	
576277	
578837	
581397	
583957	
586517	
589077	
591637	
594197	
596757	
599317	
601878	
604438	
606998	
609558	
612118	
614678	
617238	
619798	
622358	
624918	
627478	
630038	
