376	
1504	
2547	
3624	
4758	
5994	
7037	
8212	
9269	
10392	
11423	
12444	
13541	
14610	
15702	
16947	
18081	
19272	
20433	
21625	
22820	
24025	
25063	
26219	
27297	
28384	
29613	
30742	
31842	
32994	
34190	
35422	
36639	
37856	
39024	
40214	
41359	
42456	
43544	
44594	
45976	
47104	
48148	
49225	
50358	
51595	
52637	
53813	
54869	
55993	
57024	
58044	
59141	
60210	
61302	
62548	
63681	
64872	
66034	
67225	
68420	
69626	
70663	
71819	
72898	
73984	
75213	
76343	
77443	
78594	
79790	
81023	
82240	
83456	
84625	
85814	
86959	
88056	
89145	
90195	
91577	
92705	
93748	
94825	
95959	
97195	
98238	
99413	
100470	
101593	
102624	
103645	
104742	
105811	
106903	
108148	
109282	
110473	
111634	
112826	
114021	
115226	
116264	
117420	
118498	
119585	
120814	
121943	
123043	
124195	
125391	
126623	
127840	
129057	
130225	
131415	
132560	
133657	
134745	
135795	
137177	
138305	
139349	
140426	
141559	
142796	
143838	
145014	
146070	
147194	
148225	
149245	
150342	
151411	
152503	
153749	
154882	
156073	
157235	
158426	
159621	
160827	
161864	
163020	
164099	
165185	
166414	
167544	
168644	
169795	
170991	
172224	
173441	
174657	
175826	
177015	
178160	
179257	
180346	
181396	
182778	
183906	
184949	
186026	
187160	
188396	
189439	
190614	
191671	
192794	
193825	
194846	
195943	
197012	
198104	
199349	
200483	
201674	
202835	
204027	
205222	
206427	
207465	
208621	
209699	
210786	
212015	
213144	
214244	
215396	
216592	
217824	
219041	
220258	
221426	
222616	
223761	
224858	
225946	
226996	
228378	
229506	
230550	
231627	
232760	
233997	
235039	
236215	
237271	
238395	
239426	
240446	
241543	
242612	
243704	
244950	
246083	
247274	
248436	
249627	
250822	
252028	
253065	
254221	
255300	
256386	
257615	
258745	
259845	
260996	
262192	
263425	
264642	
265858	
267027	
268216	
269361	
270458	
271547	
272597	
273979	
275107	
276150	
277227	
278361	
279597	
280640	
281815	
282872	
283995	
285026	
286047	
287144	
288213	
289305	
290550	
291684	
292875	
294036	
295228	
296423	
297628	
298666	
299822	
300900	
301987	
303216	
304345	
305445	
306597	
307793	
309025	
310242	
311459	
312627	
313817	
314962	
316059	
317147	
318197	
319579	
320707	
321751	
322828	
323961	
325198	
326240	
327416	
328472	
329596	
330627	
331647	
332744	
333813	
334905	
336151	
337284	
338475	
339637	
340828	
342023	
343229	
344266	
345422	
346501	
347587	
348816	
349946	
351046	
352197	
353393	
354626	
355843	
357059	
358228	
359417	
360562	
361659	
362748	
363798	
365180	
366308	
367351	
368428	
369562	
370798	
371841	
373016	
374073	
375196	
376227	
377248	
378345	
379414	
380506	
381751	
382885	
384076	
385237	
386429	
387624	
388829	
389867	
391023	
392101	
393188	
394417	
395546	
396646	
397798	
398994	
400226	
401443	
402660	
403828	
405018	
406163	
407260	
408348	
409398	
410780	
411908	
412952	
414029	
415162	
416399	
417441	
418617	
419673	
420797	
421828	
422848	
423945	
425014	
426106	
427352	
428485	
429676	
430838	
432029	
433224	
434430	
435467	
436623	
437702	
438788	
440017	
441147	
442247	
443398	
444594	
445827	
447044	
448260	
449429	
450618	
451763	
452860	
453949	
454999	
456381	
457509	
458552	
459629	
460763	
461999	
463042	
464217	
465274	
466397	
467428	
468449	
469546	
470615	
471707	
472952	
474086	
475277	
476438	
477630	
478825	
480030	
481068	
482224	
483302	
484389	
485618	
486747	
487847	
488999	
490195	
491427	
492644	
493861	
495029	
496219	
497364	
498461	
499549	
500599	
501981	
503109	
504153	
505230	
506363	
507600	
508642	
509818	
510874	
511998	
513029	
514049	
515146	
516215	
517307	
518553	
519686	
520877	
522039	
523230	
524425	
525631	
526668	
527824	
528903	
529989	
531218	
532348	
533448	
534599	
535795	
537028	
538245	
539461	
540630	
541819	
542964	
544061	
545150	
546200	
547582	
548710	
549753	
550830	
551964	
553200	
554243	
555418	
556475	
557598	
558629	
559650	
560747	
561816	
562908	
564153	
565287	
566478	
567639	
568831	
570026	
571231	
572269	
573425	
574503	
575590	
576819	
577948	
579048	
580200	
581396	
582628	
583845	
585062	
586230	
587420	
588565	
589662	
590750	
591800	
593182	
594310	
595354	
596431	
597564	
598801	
599843	
601019	
602075	
603199	
604230	
605250	
606347	
607416	
608508	
609754	
610887	
612078	
613240	
614431	
615626	
616832	
617869	
619025	
620104	
621190	
622419	
623549	
624649	
625800	
626996	
628229	
629446	
630662	
631831	
633020	
634165	
635262	
636351	
637401	
638783	
639911	
640954	
642031	
643165	
644401	
645444	
646619	
647676	
648799	
649830	
650851	
651948	
653017	
654109	
655354	
656488	
657679	
658840	
660032	
661227	
662432	
663470	
664626	
665704	
666791	
668020	
669149	
670249	
671401	
672597	
673829	
675046	
676263	
677431	
678621	
679766	
680863	
681951	
683001	
684383	
685511	
686555	
687632	
688765	
690002	
691044	
692220	
693276	
694400	
695431	
696451	
697548	
698617	
699709	
700955	
702088	
703279	
704441	
705632	
706827	
708033	
709070	
710226	
711305	
712391	
713620	
714750	
715850	
717001	
718197	
719430	
720647	
721863	
723032	
724221	
725366	
726463	
727552	
728602	
